28000 28000 28000 28000 28000 28000 28000 28000 28000 28000 28000 28000 28000 28000 28000 28000
28000 28000 28000 28000 28000 28000 28000 28000 28000 28000 28000 28000 28000 28000 28000 28000
28000 28000 28000 28000 28000 28000 28000 28000 28000 28000 28000 28000 28000 28000 28000 28000
28000 28000 28000 28000 28000 28000 28000 28000 28000 28000 28000 28000 28000 28000 28000 28000
28000 28000 28000 28000 28000 28000 28000 28000 28000 28000 28000 28000 28000 28000 28000 28000
28000 28000 28000 28000 28000 28000 28000 28000 28000 28000 28000 28000 28000 28000 28000 28000
28000 28000 28000 28000 28000 28000 28000 28000 28000 28000 28000 28000 28000 28000 28000 28000
28000 28000 28000 28000 28000 28000 28000 28000 28000 28000 28000 28000 28000 28000 28000 28000
28000 28000 28000 28000 28000 28000 28000 28000 28000 28000 28000 28000 28000 28000 28000 28000
28000 28000 28000 28000 28000 28000 28000 28000 28000 28000 28000 28000 28000 28000 28000 28000
28000 28000 28000 28000 28000 28000 28000 28000 28000 28000 28000 28000 28000 28000 28000 28000
28000 28000 28000 28000 28000 28000 28000 28000 28000 28000 28000 28000 28000 28000 28000 28000
28000 28000 28000 28000 28000 28000 28000 28000 28000 28000 28000 28000 28000 28000 28000 28000
28000 28000 28000 28000 28000 28000 28000 28000 28000 28000 28000 28000 28000 28000 28000 28000
28000 28000 28000 28000 28000 28000 28000 28000 28000 28000 28000 28000 28000 28000 28000 28000
28000 28000 28000 28000 28000 28000 28000 28000 28000 28000 28000 28000 28000 28000 28000 28000
28000 28000 28000 28000 28000 28000 28000 28000 28000 28000 28000 28000 28000 28000 28000 28000
28000 28000 28000 28000 28000 28000 28000 28000 28000 28000 28000 28000 28000 28000 28000 28000
28000 28000 28000 28000 28000 28000 28000 28000 28000 28000 28000 28000 28000 28000 28000 28000
28000 28000 28000 28000 28000 28000 28000 28000 28000 28000 28000 28000 28000 28000 28000 28000
28000 28000 28000 28000 28000 28000 28000 28000 28000 28000 28000 28000 28000 28000 28000 28000
28000 28000 28000 28000 28000 28000 28000 28000 28000 28000 28000 28000 28000 28000 28000 28000
28000 28000 28000 28000 28000 28000 28000 28000 28000 28000 28000 28000 28000 28000 28000 28000
28000 28000 28000 28000 28000 28000 28000 28000 28000 28000 28000 28000 28000 28000 28000 28000
28000 28000 28000 28000 28000 28000 28000 28000 28000 28000 28000 28000 28000 28000 28000 28000
28000 28000 28000 28000 28000 28000 28000 28000 28000 28000 28000 28000 28000 28000 28000 28000
28000 28000 28000 28000 28000 28000 28000 28000 28000 28000 28000 28000 28000 28000 28000 28000
28000 28000 28000 28000 28000 28000 28000 28000 28000 28000 28000 28000 28000 28000 28000 28000
28000 28000 28000 28000 28000 28000 28000 28000 28000 28000 28000 28000 28000 28000 28000 28000
28000 28000 28000 28000 28000 28000 28000 28000 28000 28000 28000 28000 28000 28000 28000 28000
28000 28000 28000 28000 28000 28000 28000 28000 28000 28000 28000 28000 28000 28000 28000 28000
28000 28000 28000 28000 28000 28000 28000 28000 28000 28000 28000 28000 28000 28000 28000 28000
28000 28000 28000 28000 28000 28000 28000 28000 28000 28000 28000 28000 28000 28000 28000 28000
28000 28000 28000 28000 28000 28000 28000 28000 28000 28000 28000 28000 28000 28000 28000 28000
28000 28000 28000 28000 28000 28000 28000 28000 28000 28000 28000 28000 28000 28000 28000 28000
28000 28000 28000 28000 28000 28000 28000 28000 28000 28000 28000 28000 28000 28000 28000 28000
28000 28000 28000 28000 28000 28000 28000 28000 28000 28000 28000 28000 28000 28000 28000 28000
28000 28000 28000 28000 28000 28000 28000 28000 28000 28000 28000 28000 28000 28000 28000 28000
28000 28000 28000 28000 28000 28000 28000 28000 28000 28000 28000 28000 28000 28000 28000 28000
28000 28000 28000 28000 28000 28000 28000 28000 28000 28000 28000 28000 28000 28000 28000 28000
28000 28000 28000 28000 28000 28000 28000 28000 28000 28000 28000 28000 28000 28000 28000 28000
28000 28000 28000 28000 28000 28000 28000 28000 28000 28000 28000 28000 28000 28000 28000 28000
28000 28000 28000 28000 28000 28000 28000 28000 28000 28000 28000 28000 28000 28000 28000 28000
28000 28000 28000 28000 28000 28000 28000 28000 28000 28000 28000 28000 28000 28000 28000 28000
28000 28000 28000 28000 28000 28000 28000 28000 28000 28000 28000 28000 28000 28000 28000 28000
28000 28000 28000 28000 28000 28000 28000 28000 28000 28000 28000 28000 28000 28000 28000 28000
28000 28000 28000 28000 28000 28000 28000 28000 28000 28000 28000 28000 28000 28000 28000 28000
28000 28000 28000 28000 28000 28000 28000 28000 28000 28000 28000 28000 28000 28000 28000 28000
28000 28000 28000 28000 28000 28000 28000 28000 28000 28000 28000 28000 28000 28000 28000 28000
28000 28000 28000 28000 28000 28000 28000 28000 28000 28000 28000 28000 28000 28000 28000 28000
28000 28000 28000 28000 28000 28000 28000 28000 28000 28000 28000 28000 28000 28000 28000 28000
28000 28000 28000 28000 28000 28000 28000 28000 28000 28000 28000 28000 28000 28000 28000 28000
28000 28000 28000 28000 28000 28000 28000 28000 28000 28000 28000 28000 28000 28000 28000 28000
28000 28000 28000 28000 28000 28000 28000 28000 28000 28000 28000 28000 28000 28000 28000 28000
28000 28000 28000 28000 28000 28000 28000 28000 28000 28000 28000 28000 28000 28000 28000 28000
28000 28000 28000 28000 28000 28000 28000 28000 28000 28000 28000 28000 28000 28000 28000 28000
28000 28000 28000 28000 28000 28000 28000 28000 28000 28000 28000 28000 28000 28000 28000 28000
28000 28000 28000 28000 28000 28000 28000 28000 28000 28000 28000 28000 28000 28000 28000 28000
28000 28000 28000 28000 28000 28000 28000 28000 28000 28000 28000 28000 28000 28000 28000 28000
28000 28000 28000 28000 28000 28000 28000 28000 28000 28000 28000 28000 28000 28000 28000 28000
28000 28000 28000 28000 28000 28000 28000 28000 28000 28000 28000 28000 28000 28000 28000 28000
28000 28000 28000 28000 28000 28000 28000 28000 28000 28000 28000 28000 28000 28000 28000 28000
28000 28000 28000 28000 28000 28000 28000 28000 28000 28000 28000 28000 28000 28000 28000 28000
28000 28000 28000 28000 28000 28000 28000 28000 28000 28000 28000 28000 28000 28000 28000 28000
